(0, 60, 195, 0)
(0, 87, 168, 0)
(0, 111, 144, 0)
(0, 138, 117, 0)
(0, 162, 93, 0)
(0, 189, 66, 0)
(0, 216, 39, 0)
(0, 240, 15, 0)
(9, 246, 0, 0)
(33, 222, 0, 0)
(60, 195, 0, 0)
(84, 171, 0, 0)
(111, 144, 0, 0)
(135, 120, 0, 0)
(162, 93, 0, 0)
(186, 69, 0, 0)
(213, 42, 0, 0)
(237, 18, 0, 0)
(246, 0, 9, 0)
(222, 0, 33, 0)
(195, 0, 60, 0)
(165, 0, 90, 0)
(141, 0, 114, 0)
(114, 0, 141, 0)
(90, 0, 165, 0)
(63, 0, 192, 0)
(39, 0, 216, 0)
(12, 0, 243, 0)
(0, 12, 243, 0)
(0, 39, 216, 0)
(0, 63, 192, 0)
(0, 90, 165, 0)
(0, 114, 141, 0)
(0, 141, 114, 0)
(0, 165, 90, 0)
(0, 192, 63, 0)
(0, 219, 36, 0)
(0, 243, 12, 0)
(12, 243, 0, 0)
(36, 219, 0, 0)
(63, 192, 0, 0)
(87, 168, 0, 0)
(114, 141, 0, 0)
(138, 117, 0, 0)
(165, 90, 0, 0)
(189, 66, 0, 0)
(216, 39, 0, 0)
(240, 15, 0, 0)
(243, 0, 12, 0)
(219, 0, 36, 0)
(192, 0, 63, 0)
(162, 0, 93, 0)
(138, 0, 117, 0)
(111, 0, 144, 0)
(87, 0, 168, 0)
(60, 0, 195, 0)
(36, 0, 219, 0)
(9, 0, 246, 0)
(0, 15, 240, 0)
(0, 42, 213, 0)
(0, 66, 189, 0)
(0, 93, 162, 0)
(0, 117, 138, 0)
(0, 144, 111, 0)
(0, 168, 87, 0)
(0, 195, 60, 0)
(0, 222, 33, 0)
(0, 246, 9, 0)
(15, 240, 0, 0)
(39, 216, 0, 0)
(66, 189, 0, 0)
(90, 165, 0, 0)
(117, 138, 0, 0)
(141, 114, 0, 0)
(168, 87, 0, 0)
(192, 63, 0, 0)
(219, 36, 0, 0)
(243, 12, 0, 0)
(240, 0, 15, 0)
(216, 0, 39, 0)
(189, 0, 66, 0)
(159, 0, 96, 0)
(135, 0, 120, 0)
(108, 0, 147, 0)
(84, 0, 171, 0)
(57, 0, 198, 0)
(33, 0, 222, 0)
(6, 0, 249, 0)
(0, 18, 237, 0)
(0, 45, 210, 0)
(0, 69, 186, 0)
(0, 96, 159, 0)
(0, 120, 135, 0)
(0, 147, 108, 0)
(0, 171, 84, 0)
(0, 198, 57, 0)
(0, 225, 30, 0)
(0, 249, 6, 0)
(18, 237, 0, 0)
(42, 213, 0, 0)
(69, 186, 0, 0)
(93, 162, 0, 0)
(120, 135, 0, 0)
(144, 111, 0, 0)
(171, 84, 0, 0)
(195, 60, 0, 0)
(222, 33, 0, 0)
(246, 9, 0, 0)
(237, 0, 18, 0)
(213, 0, 42, 0)
(186, 0, 69, 0)
(156, 0, 99, 0)
(132, 0, 123, 0)
(105, 0, 150, 0)
(81, 0, 174, 0)
(54, 0, 201, 0)
(30, 0, 225, 0)
(3, 0, 252, 0)
(0, 21, 234, 0)
(0, 48, 207, 0)
(0, 72, 183, 0)
(0, 99, 156, 0)
(0, 123, 132, 0)
(0, 150, 105, 0)
(0, 174, 81, 0)
(0, 201, 54, 0)
(0, 228, 27, 0)
(0, 252, 3, 0)
(21, 234, 0, 0)
(45, 210, 0, 0)
(72, 183, 0, 0)
(96, 159, 0, 0)
(123, 132, 0, 0)
(147, 108, 0, 0)
(174, 81, 0, 0)
(198, 57, 0, 0)
(225, 30, 0, 0)
(249, 6, 0, 0)
(234, 0, 21, 0)
(210, 0, 45, 0)
(183, 0, 72, 0)
(153, 0, 102, 0)
(129, 0, 126, 0)
(102, 0, 153, 0)
(78, 0, 177, 0)
(51, 0, 204, 0)
(27, 0, 228, 0)
(0, 0, 255, 0)
(0, 24, 231, 0)
(0, 51, 204, 0)
(0, 75, 180, 0)
(0, 102, 153, 0)
(0, 126, 129, 0)
(0, 153, 102, 0)
(0, 177, 78, 0)
(0, 204, 51, 0)
(0, 231, 24, 0)
(0, 255, 0, 0)
(24, 231, 0, 0)
(48, 207, 0, 0)
(75, 180, 0, 0)
(99, 156, 0, 0)
(126, 129, 0, 0)
(150, 105, 0, 0)
(177, 78, 0, 0)
(201, 54, 0, 0)
(228, 27, 0, 0)
(252, 3, 0, 0)
(231, 0, 24, 0)
(207, 0, 48, 0)
(180, 0, 75, 0)
(150, 0, 105, 0)
(126, 0, 129, 0)
(99, 0, 156, 0)
(75, 0, 180, 0)
(48, 0, 207, 0)
(24, 0, 231, 0)
(0, 3, 252, 0)
(0, 27, 228, 0)
(0, 54, 201, 0)
(0, 78, 177, 0)
(0, 105, 150, 0)
(0, 129, 126, 0)
(0, 156, 99, 0)
(0, 180, 75, 0)
(0, 207, 48, 0)
(0, 234, 21, 0)
(0, 255, 0, 0)
(27, 228, 0, 0)
(51, 204, 0, 0)
(78, 177, 0, 0)
(102, 153, 0, 0)
(129, 126, 0, 0)
(153, 102, 0, 0)
(180, 75, 0, 0)
(204, 51, 0, 0)
(231, 24, 0, 0)
(255, 0, 0, 0)
(228, 0, 27, 0)
(204, 0, 51, 0)
(177, 0, 78, 0)
(147, 0, 108, 0)
(123, 0, 132, 0)
(96, 0, 159, 0)
(72, 0, 183, 0)
(45, 0, 210, 0)
(21, 0, 234, 0)
(0, 6, 249, 0)
(0, 30, 225, 0)
(0, 57, 198, 0)
(0, 81, 174, 0)
(0, 108, 147, 0)
(0, 132, 123, 0)
(0, 159, 96, 0)
(0, 183, 72, 0)
(0, 210, 45, 0)
(0, 237, 18, 0)
(3, 252, 0, 0)
(30, 225, 0, 0)
(54, 201, 0, 0)
(81, 174, 0, 0)
(105, 150, 0, 0)
(132, 123, 0, 0)
(156, 99, 0, 0)
(183, 72, 0, 0)
(207, 48, 0, 0)
(234, 21, 0, 0)
(252, 0, 3, 0)
(225, 0, 30, 0)
(201, 0, 54, 0)
(174, 0, 81, 0)
(144, 0, 111, 0)
(120, 0, 135, 0)
(93, 0, 162, 0)
(69, 0, 186, 0)
(42, 0, 213, 0)
(18, 0, 237, 0)
(0, 9, 246, 0)
(0, 33, 222, 0)
(0, 60, 195, 0)
(0, 84, 171, 0)
(0, 111, 144, 0)
(0, 135, 120, 0)
(0, 162, 93, 0)
(0, 186, 69, 0)
(0, 213, 42, 0)
(0, 240, 15, 0)
(6, 249, 0, 0)
(33, 222, 0, 0)
(57, 198, 0, 0)
(84, 171, 0, 0)
(108, 147, 0, 0)
(135, 120, 0, 0)
(159, 96, 0, 0)
(186, 69, 0, 0)
(210, 45, 0, 0)
(237, 18, 0, 0)
(249, 0, 6, 0)
(222, 0, 33, 0)
(198, 0, 57, 0)
(171, 0, 84, 0)
(141, 0, 114, 0)
(117, 0, 138, 0)
(90, 0, 165, 0)
(66, 0, 189, 0)
(39, 0, 216, 0)
(15, 0, 240, 0)
(0, 12, 243, 0)
(0, 36, 219, 0)
(0, 63, 192, 0)
(0, 87, 168, 0)
(0, 114, 141, 0)
(0, 138, 117, 0)
(0, 165, 90, 0)
(0, 189, 66, 0)
(0, 216, 39, 0)
(0, 243, 12, 0)
(9, 246, 0, 0)
(36, 219, 0, 0)
(60, 195, 0, 0)
(87, 168, 0, 0)
(111, 144, 0, 0)
(138, 117, 0, 0)
(162, 93, 0, 0)
(189, 66, 0, 0)
(213, 42, 0, 0)
(240, 15, 0, 0)
(246, 0, 9, 0)
(219, 0, 36, 0)
(195, 0, 60, 0)
(168, 0, 87, 0)
(138, 0, 117, 0)
(114, 0, 141, 0)
(87, 0, 168, 0)
(63, 0, 192, 0)
(36, 0, 219, 0)
(12, 0, 243, 0)
(0, 15, 240, 0)
(0, 39, 216, 0)
(0, 66, 189, 0)
(0, 90, 165, 0)
(0, 117, 138, 0)
(0, 141, 114, 0)
(0, 168, 87, 0)
(0, 192, 63, 0)
(0, 219, 36, 0)
(0, 246, 9, 0)
(12, 243, 0, 0)
(39, 216, 0, 0)
(63, 192, 0, 0)
(90, 165, 0, 0)
(114, 141, 0, 0)
(141, 114, 0, 0)
(165, 90, 0, 0)
(192, 63, 0, 0)
(216, 39, 0, 0)
(243, 12, 0, 0)
(243, 0, 12, 0)
(216, 0, 39, 0)
(192, 0, 63, 0)
(165, 0, 90, 0)
(135, 0, 120, 0)
(111, 0, 144, 0)
(84, 0, 171, 0)
(60, 0, 195, 0)
(33, 0, 222, 0)
(9, 0, 246, 0)
(0, 18, 237, 0)
(0, 42, 213, 0)
(0, 69, 186, 0)
(0, 93, 162, 0)
(0, 120, 135, 0)
(0, 144, 111, 0)
(0, 171, 84, 0)
(0, 195, 60, 0)
(0, 222, 33, 0)
(0, 249, 6, 0)
(15, 240, 0, 0)
(42, 213, 0, 0)
(66, 189, 0, 0)
(93, 162, 0, 0)
(117, 138, 0, 0)
(144, 111, 0, 0)
(168, 87, 0, 0)
(195, 60, 0, 0)
(219, 36, 0, 0)
(246, 9, 0, 0)
(240, 0, 15, 0)
(213, 0, 42, 0)
(189, 0, 66, 0)
(162, 0, 93, 0)
(132, 0, 123, 0)
(108, 0, 147, 0)
(81, 0, 174, 0)
(57, 0, 198, 0)
(30, 0, 225, 0)
(6, 0, 249, 0)
(0, 21, 234, 0)
(0, 45, 210, 0)
(0, 72, 183, 0)
(0, 96, 159, 0)
(0, 123, 132, 0)
(0, 147, 108, 0)
(0, 174, 81, 0)
(0, 198, 57, 0)
(0, 225, 30, 0)
(0, 252, 3, 0)
(18, 237, 0, 0)
(45, 210, 0, 0)
(69, 186, 0, 0)
(96, 159, 0, 0)
(120, 135, 0, 0)
(147, 108, 0, 0)
(171, 84, 0, 0)
(198, 57, 0, 0)
(222, 33, 0, 0)
(249, 6, 0, 0)
(237, 0, 18, 0)
(210, 0, 45, 0)
(186, 0, 69, 0)
(159, 0, 96, 0)
(129, 0, 126, 0)
(105, 0, 150, 0)
(78, 0, 177, 0)
(54, 0, 201, 0)
(27, 0, 228, 0)
(3, 0, 252, 0)
(0, 24, 231, 0)
(0, 48, 207, 0)
(0, 75, 180, 0)
(0, 99, 156, 0)
(0, 126, 129, 0)
(0, 150, 105, 0)
(0, 177, 78, 0)
(0, 201, 54, 0)
(0, 228, 27, 0)
(0, 255, 0, 0)
(21, 234, 0, 0)
(48, 207, 0, 0)
(72, 183, 0, 0)
(99, 156, 0, 0)
(123, 132, 0, 0)
(150, 105, 0, 0)
(174, 81, 0, 0)
(201, 54, 0, 0)
(225, 30, 0, 0)
(252, 3, 0, 0)
(234, 0, 21, 0)
(207, 0, 48, 0)
(183, 0, 72, 0)
(156, 0, 99, 0)
(126, 0, 129, 0)
(102, 0, 153, 0)
(75, 0, 180, 0)
(51, 0, 204, 0)
(24, 0, 231, 0)
(0, 0, 255, 0)
(0, 27, 228, 0)
(0, 51, 204, 0)
(0, 78, 177, 0)
(0, 102, 153, 0)
(0, 129, 126, 0)
(0, 153, 102, 0)
(0, 180, 75, 0)
(0, 204, 51, 0)
(0, 231, 24, 0)
(0, 255, 0, 0)
(24, 231, 0, 0)
(51, 204, 0, 0)
(75, 180, 0, 0)
(102, 153, 0, 0)
(126, 129, 0, 0)
(153, 102, 0, 0)
(177, 78, 0, 0)
(204, 51, 0, 0)
(228, 27, 0, 0)
(255, 0, 0, 0)
(231, 0, 24, 0)
(204, 0, 51, 0)
(180, 0, 75, 0)
(153, 0, 102, 0)
(123, 0, 132, 0)
(99, 0, 156, 0)
(72, 0, 183, 0)
(48, 0, 207, 0)
(21, 0, 234, 0)
(0, 3, 252, 0)
(0, 30, 225, 0)
(0, 54, 201, 0)
(0, 81, 174, 0)
(0, 105, 150, 0)
(0, 132, 123, 0)
(0, 156, 99, 0)
(0, 183, 72, 0)
(0, 207, 48, 0)
(0, 234, 21, 0)
(3, 252, 0, 0)
(27, 228, 0, 0)
(54, 201, 0, 0)
(78, 177, 0, 0)
(105, 150, 0, 0)
(129, 126, 0, 0)
(156, 99, 0, 0)
(180, 75, 0, 0)
(207, 48, 0, 0)
(231, 24, 0, 0)
(252, 0, 3, 0)
(228, 0, 27, 0)
(201, 0, 54, 0)
(177, 0, 78, 0)
(150, 0, 105, 0)
(120, 0, 135, 0)
(96, 0, 159, 0)
(69, 0, 186, 0)
(45, 0, 210, 0)
(18, 0, 237, 0)
(0, 6, 249, 0)
(0, 33, 222, 0)
(0, 57, 198, 0)
(0, 84, 171, 0)
(0, 108, 147, 0)
(0, 135, 120, 0)
(0, 159, 96, 0)
(0, 186, 69, 0)
(0, 210, 45, 0)
(0, 237, 18, 0)
(6, 249, 0, 0)
(30, 225, 0, 0)
(57, 198, 0, 0)
(81, 174, 0, 0)
(108, 147, 0, 0)
(132, 123, 0, 0)
(159, 96, 0, 0)
(183, 72, 0, 0)
(210, 45, 0, 0)
(234, 21, 0, 0)
(249, 0, 6, 0)
(225, 0, 30, 0)
(198, 0, 57, 0)
(174, 0, 81, 0)
(147, 0, 108, 0)
(117, 0, 138, 0)
(93, 0, 162, 0)
(66, 0, 189, 0)
(42, 0, 213, 0)
(15, 0, 240, 0)
(0, 9, 246, 0)
(0, 36, 219, 0)
(0, 60, 195, 0)
(0, 87, 168, 0)
(0, 111, 144, 0)
(0, 138, 117, 0)
(0, 162, 93, 0)
(0, 189, 66, 0)
(0, 213, 42, 0)
(0, 240, 15, 0)
(9, 246, 0, 0)
(33, 222, 0, 0)
(60, 195, 0, 0)
(84, 171, 0, 0)
(111, 144, 0, 0)
(135, 120, 0, 0)
(162, 93, 0, 0)
(186, 69, 0, 0)
(213, 42, 0, 0)
(237, 18, 0, 0)
(246, 0, 9, 0)
(222, 0, 33, 0)
(195, 0, 60, 0)
(171, 0, 84, 0)
(144, 0, 111, 0)
(114, 0, 141, 0)
(90, 0, 165, 0)
(63, 0, 192, 0)
(39, 0, 216, 0)
(12, 0, 243, 0)
(0, 12, 243, 0)
(0, 39, 216, 0)
(0, 63, 192, 0)
(0, 90, 165, 0)
(0, 114, 141, 0)
(0, 141, 114, 0)
(0, 165, 90, 0)
(0, 192, 63, 0)
(0, 216, 39, 0)
(0, 243, 12, 0)
(12, 243, 0, 0)
(36, 219, 0, 0)
(63, 192, 0, 0)
(87, 168, 0, 0)
(114, 141, 0, 0)
(138, 117, 0, 0)
(165, 90, 0, 0)
(189, 66, 0, 0)
(216, 39, 0, 0)
(240, 15, 0, 0)
(243, 0, 12, 0)
(219, 0, 36, 0)
(192, 0, 63, 0)
(168, 0, 87, 0)
(141, 0, 114, 0)
